*** permutačný jedinec***

[[10, 23, 13, 48, 60, 53, 25, 37, 12, 30, 32, 31, 99, 14, 28, 61, 49, 55, 79, 26, 90, 67, 75, 92, 58, 93, 97, 8, 74, 19, 70, 80, 45, 64, 1, 33, 3, 72, 42, 83, 34, 27, 71, 84, 2, 91, 6, 63, 89, 78, 38, 95, 24, 81, 87, 5, 0, 98, 44, 29, 50, 17, 22, 16, 9, 51, 77, 59, 57, 65, 41, 52, 76, 4, 7, 96, 46, 86, 56, 35, 66, 54, 15, 68, 73, 18, 94, 36, 85, 39, 82, 20, 62, 88, 21, 40, 69, 47, 43, 11]]
(8631,)

[[60, 53, 32, 23, 25, 10, 37, 48, 30, 13, 38, 61, 9, 54, 63, 15, 59, 18, 12, 64, 26, 19, 70, 35, 77, 0, 65, 79, 99, 55, 34, 21, 45, 71, 85, 82, 69, 36, 72, 6, 27, 90, 96, 46, 94, 91, 97, 43, 57, 33, 44, 80, 17, 28, 56, 86, 76, 83, 24, 8, 11, 2, 51, 52, 81, 7, 14, 5, 40, 39, 58, 88, 78, 16, 47, 41, 66, 89, 3, 31, 84, 49, 87, 42, 92, 75, 73, 95, 93, 22, 4, 68, 67, 29, 74, 20, 98, 1, 50, 62]]
(8690,)

[[6, 30, 38, 23, 32, 14, 25, 37, 80, 97, 75, 13, 21, 46, 10, 39, 18, 73, 48, 78, 34, 87, 84, 54, 4, 28, 5, 69, 59, 26, 43, 95, 81, 58, 66, 60, 90, 68, 93, 79, 94, 17, 64, 49, 31, 15, 1, 61, 40, 98, 76, 22, 36, 9, 47, 65, 50, 19, 83, 12, 72, 86, 99, 24, 77, 57, 53, 63, 27, 85, 71, 56, 82, 91, 3, 29, 51, 89, 16, 2, 92, 35, 44, 70, 0, 42, 7, 88, 20, 96, 8, 55, 41, 45, 74, 11, 67, 52, 62, 33]]
(9147,)

[[53, 23, 25, 38, 30, 43, 26, 32, 6, 57, 60, 47, 18, 73, 92, 55, 76, 91, 89, 13, 83, 19, 12, 69, 31, 93, 9, 36, 8, 88, 41, 17, 96, 2, 48, 81, 62, 40, 63, 27, 16, 98, 35, 22, 94, 46, 49, 3, 67, 20, 59, 71, 45, 10, 74, 52, 44, 51, 56, 64, 77, 42, 79, 82, 90, 50, 85, 54, 65, 58, 7, 14, 70, 37, 78, 33, 80, 39, 29, 84, 86, 99, 24, 66, 28, 0, 95, 75, 61, 72, 5, 97, 15, 68, 34, 21, 87, 1, 4, 11]]
(9147,)